299488
299996
303197
303545
309117
310116
313318
314392
315375
315792
316492
316770
317120
317551
320658
321403
321583
321661
321826
321905
322210
322387
322424
322639
323138
323684
324133
324637
324671
326063
328797
329870
331592
331771
332224
332495
332748
334538
334578
335831
338020
339172
340523
340706
340834
341190
341639
342755
343006
343646
343687
344041
344057
344145
344220
344414
345361
346769
347051
347169
347699
349504
350463
350468
351285
351390
351413
351714
352128
352853
352880
353939
354099
354170
354650
354982
355732
356257
356372
356668
356783
356897
357068
357807
358150
358240
358251
359322
360041
360052
360510
360689
362937
363678
365060
365342
365456
367900
368137
371921
372108
374118
375607
376539
378218
378853
378993
379750
380655
381225
381475
382081
382405
393173
393283
393298
393955
394154
394788
396134
396879
397804
397861
397904
397970
398314
399073
399491
399644
399792
400276
400533
401076
402100
402328
402350
403018
403369
403501
403758
404181
404245
404283
404578
405823
405885
405957
406757
407707
407856
408812
409402
409438
410226
410341
410658
411076
411826
411832
412711
413625
413726
413834
414885
415593
415860
416031
416056
416831
416910
417514
418268
418287
418997
419557
419617
420030
421042
421934
422776
423538
423793
424342
425169
425750
427228
427479
429443
429920
432248
432511
435759
436479
437015
437650
437846
439732
440425
441477
441488
